422 512
411 646 
306 337 
610 688 
566 672 
459 534 
376 632 
442 562 
538 589 
378 627 
317 532 
454 642 
540 706 
585 550 
632 656 
301 455 
508 650 
749 813 
303 742 
404 517 
408 717 
502 739 
385 715 
632 697 
486 732 
653 848 
657 802 
639 705 
444 719 
515 594 
302 526 
413 585 
523 630 
458 455 
545 571 
447 731 
532 732 
403 427 
534 622 
632 746 
354 468 
655 746 
636 760 
551 669 
483 684 
672 756 
614 773 
303 559 
736 801 
679 728 
431 716 
632 752 
327 706 
564 696 
433 496 
603 705 
489 738 
380 459 
360 567 
352 422 
716 733 
316 581 
519 532 
531 554 
415 523 
406 532 
757 866 
646 794 
545 617 
573 726 
309 597 
 532 582 
415 496 
401 522 
565 663 
422 512 
411 646 
306 337 
610 688 
566 672 
459 534 
376 632 
442 562 
538 589 
378 627 
317 532 
454 642 
540 706 
585 550 
632 656 
301 455 
508 650 
749 813 
303 742 
404 517 
408 717 
502 739 
385 715 
632 697 
486 732 
653 848 
657 802 
639 705 
444 719 
515 594 
302 526 
413 585 
523 630 
458 455 
545 571 
447 731 
532 732 
403 427 
534 622 
632 746 
354 468 
655 746 
636 760 
551 669 
483 684 
672 756 
614 773 
303 559 
736 801 
679 728 
431 716 
632 752 
327 706 
564 696 
433 496 
603 705 
489 738 
380 459 
360 567 
352 422 
716 733 
316 581 
519 532 
 531 554 
415 523 
406 532 
757 866 
 646 794 
545 617 
573 726 
309 597 
 532 582 
415 496 
401 522 
565 663 
